          88
       60.000000       45.000000       40.000000       59.142860
       46.000000       58.000000       50.000000       60.571430
       57.000000       70.000000       72.000000       62.000000
       65.000000       45.000000       58.000000       50.000000
       50.000000       70.000000       62.142860       62.000000
       50.000000       50.000000       50.000000       55.000000
       55.000000       55.000000       49.285710       29.000000
       45.000000       41.285710       28.571430       45.000000
       50.000000       50.000000       55.000000       37.428570
       38.000000       46.857140       49.428570       45.000000
       45.000000       55.000000       55.000000       55.000000
       50.571430       54.000000       55.142860       50.000000
       50.000000       47.857140       42.142860       40.000000
       40.000000       40.000000       46.571430       40.285710
       37.142860       35.857140       45.000000       39.000000
       35.000000       40.000000       55.000000       51.000000
       52.428570       48.000000       50.142860       64.000000
       61.142860       45.714290       50.000000       47.857140
       36.571430       23.285720       33.000000       38.714290
       38.000000       45.285710       53.714290       62.857140
       61.428570       50.571430       66.142860       42.714290
       34.285710       35.428570       33.428570       37.285710
